SUMMARISING RUN PARAMETERS
==========================
Input filename: /mnt/d/methylation/data/sequence/SRR7368842.fastq.gz
Trimming mode: single-end
Trim Galore version: 0.6.8dev
Cutadapt version: 4.1
Number of cores used for trimming: 1
Quality Phred score cutoff: 20
Quality encoding type selected: ASCII+33
Using Illumina adapter for trimming (count: 65577). Second best hit was Nextera (count: 1)
Adapter sequence: 'AGATCGGAAGAGC' (Illumina TruSeq, Sanger iPCR; auto-detected)
Maximum trimming error rate: 0.1 (default)
Minimum required adapter overlap (stringency): 1 bp
Minimum required sequence length before a sequence gets removed: 20 bp
Running FastQC on the data once trimming has completed
Output file will be GZIP compressed


This is cutadapt 4.1 with Python 3.9.13
Command line parameters: -j 1 -e 0.1 -q 20 -O 1 -a AGATCGGAAGAGC /mnt/d/methylation/data/sequence/SRR7368842.fastq.gz
Processing single-end reads on 1 core ...
Finished in 7402.48 s (40 µs/read; 1.50 M reads/minute).

=== Summary ===

Total reads processed:             184,621,978
Reads with adapters:                75,538,222 (40.9%)
Reads written (passing filters):   184,621,978 (100.0%)

Total basepairs processed: 27,693,296,700 bp
Quality-trimmed:             219,482,615 bp (0.8%)
Total written (filtered):  27,009,122,907 bp (97.5%)

=== Adapter 1 ===

Sequence: AGATCGGAAGAGC; Type: regular 3'; Length: 13; Trimmed: 75538222 times

Minimum overlap: 1
No. of allowed errors:
1-9 bp: 0; 10-13 bp: 1

Bases preceding removed adapters:
  A: 26.5%
  C: 27.2%
  G: 10.5%
  T: 35.8%
  none/other: 0.0%

Overview of removed sequences
length	count	expect	max.err	error counts
1	38096644	46155494.5	0	38096644
2	12516631	11538873.6	0	12516631
3	3349444	2884718.4	0	3349444
4	1289408	721179.6	0	1289408
5	1122576	180294.9	0	1122576
6	877332	45073.7	0	877332
7	1224975	11268.4	0	1224975
8	882327	2817.1	0	882327
9	710275	704.3	0	706736 3539
10	1361801	176.1	1	1229230 132571
11	482707	44.0	1	228555 254152
12	297173	11.0	1	242999 54174
13	1184707	2.8	1	992844 191863
14	404289	2.8	1	320878 83411
15	1082847	2.8	1	900151 182696
16	373223	2.8	1	295358 77865
17	931819	2.8	1	768091 163728
18	915406	2.8	1	769460 145946
19	248010	2.8	1	195546 52464
20	862143	2.8	1	739429 122714
21	281230	2.8	1	225513 55717
22	903726	2.8	1	776935 126791
23	288786	2.8	1	237848 50938
24	157642	2.8	1	123900 33742
25	770684	2.8	1	656577 114107
26	39109	2.8	1	28398 10711
27	414621	2.8	1	343992 70629
28	622964	2.8	1	521119 101845
29	195360	2.8	1	158104 37256
30	456946	2.8	1	391065 65881
31	62502	2.8	1	47648 14854
32	391064	2.8	1	329376 61688
33	150621	2.8	1	123275 27346
34	333671	2.8	1	279385 54286
35	123370	2.8	1	100058 23312
36	335690	2.8	1	280393 55297
37	102051	2.8	1	82024 20027
38	230991	2.8	1	193860 37131
39	116332	2.8	1	93312 23020
40	395369	2.8	1	334499 60870
41	80332	2.8	1	66594 13738
42	133912	2.8	1	112277 21635
43	14298	2.8	1	10977 3321
44	54120	2.8	1	45465 8655
45	62502	2.8	1	54166 8336
46	70442	2.8	1	59095 11347
47	56639	2.8	1	47960 8679
48	22610	2.8	1	18622 3988
49	13599	2.8	1	10425 3174
50	73424	2.8	1	62387 11037
51	23298	2.8	1	19002 4296
52	59287	2.8	1	49953 9334
53	26392	2.8	1	21239 5153
54	37582	2.8	1	31377 6205
55	18952	2.8	1	15782 3170
56	13450	2.8	1	11028 2422
57	15329	2.8	1	12444 2885
58	6660	2.8	1	5215 1445
59	9574	2.8	1	7705 1869
60	27375	2.8	1	22137 5238
61	6088	2.8	1	4678 1410
62	7997	2.8	1	6252 1745
63	5452	2.8	1	4117 1335
64	20173	2.8	1	15845 4328
65	1865	2.8	1	1292 573
66	6220	2.8	1	4541 1679
67	7506	2.8	1	5516 1990
68	6864	2.8	1	4870 1994
69	6835	2.8	1	4795 2040
70	7210	2.8	1	5107 2103
71	5502	2.8	1	3784 1718
72	3444	2.8	1	2319 1125
73	1675	2.8	1	1089 586
74	438	2.8	1	237 201
75	953	2.8	1	624 329
76	2247	2.8	1	1547 700
77	2700	2.8	1	1772 928
78	2571	2.8	1	1746 825
79	2411	2.8	1	1600 811
80	2371	2.8	1	1553 818
81	2176	2.8	1	1433 743
82	1907	2.8	1	1217 690
83	1799	2.8	1	1139 660
84	1675	2.8	1	1016 659
85	1591	2.8	1	955 636
86	1413	2.8	1	899 514
87	1239	2.8	1	776 463
88	1195	2.8	1	728 467
89	1135	2.8	1	683 452
90	1093	2.8	1	649 444
91	999	2.8	1	562 437
92	953	2.8	1	577 376
93	867	2.8	1	515 352
94	801	2.8	1	453 348
95	806	2.8	1	456 350
96	765	2.8	1	453 312
97	692	2.8	1	384 308
98	658	2.8	1	364 294
99	622	2.8	1	332 290
100	559	2.8	1	325 234
101	570	2.8	1	323 247
102	547	2.8	1	300 247
103	499	2.8	1	285 214
104	481	2.8	1	275 206
105	447	2.8	1	254 193
106	443	2.8	1	227 216
107	388	2.8	1	210 178
108	415	2.8	1	233 182
109	374	2.8	1	212 162
110	353	2.8	1	175 178
111	341	2.8	1	173 168
112	292	2.8	1	157 135
113	279	2.8	1	160 119
114	249	2.8	1	147 102
115	281	2.8	1	168 113
116	220	2.8	1	123 97
117	184	2.8	1	106 78
118	146	2.8	1	74 72
119	132	2.8	1	71 61
120	138	2.8	1	76 62
121	83	2.8	1	46 37
122	71	2.8	1	36 35
123	54	2.8	1	29 25
124	36	2.8	1	22 14
125	24	2.8	1	14 10
126	18	2.8	1	8 10
127	19	2.8	1	9 10
128	12	2.8	1	4 8
129	14	2.8	1	6 8
130	7	2.8	1	2 5
131	8	2.8	1	3 5
132	4	2.8	1	1 3
133	9	2.8	1	6 3
134	4	2.8	1	1 3
135	9	2.8	1	4 5
136	4	2.8	1	2 2
137	4	2.8	1	1 3
138	5	2.8	1	2 3
139	4	2.8	1	0 4
140	7	2.8	1	2 5
141	2	2.8	1	0 2
142	9	2.8	1	3 6
143	8	2.8	1	2 6
144	7	2.8	1	3 4
145	3	2.8	1	1 2
146	13	2.8	1	8 5
147	18	2.8	1	11 7
148	77	2.8	1	56 21
149	505	2.8	1	422 83
150	695	2.8	1	503 192

RUN STATISTICS FOR INPUT FILE: /mnt/d/methylation/data/sequence/SRR7368842.fastq.gz
=============================================
184621978 sequences processed in total
Sequences removed because they became shorter than the length cutoff of 20 bp:	1623 (0.0%)
