SUMMARISING RUN PARAMETERS
==========================
Input filename: /mnt/d/methylation/data/sequence/SRR7368845.fastq.gz
Trimming mode: single-end
Trim Galore version: 0.6.8dev
Cutadapt version: 4.1
Number of cores used for trimming: 1
Quality Phred score cutoff: 20
Quality encoding type selected: ASCII+33
Using Illumina adapter for trimming (count: 65577). Second best hit was Nextera (count: 1)
Adapter sequence: 'AGATCGGAAGAGC' (Illumina TruSeq, Sanger iPCR; auto-detected)
Maximum trimming error rate: 0.1 (default)
Minimum required adapter overlap (stringency): 1 bp
Minimum required sequence length before a sequence gets removed: 20 bp
Running FastQC on the data once trimming has completed
Output file will be GZIP compressed


This is cutadapt 4.1 with Python 3.9.13
Command line parameters: -j 1 -e 0.1 -q 20 -O 1 -a AGATCGGAAGAGC /mnt/d/methylation/data/sequence/SRR7368845.fastq.gz
Processing single-end reads on 1 core ...
Finished in 3792.81 s (37 µs/read; 1.61 M reads/minute).

=== Summary ===

Total reads processed:             101,781,304
Reads with adapters:                41,188,626 (40.5%)
Reads written (passing filters):   101,781,304 (100.0%)

Total basepairs processed: 15,267,195,600 bp
Quality-trimmed:             145,148,183 bp (1.0%)
Total written (filtered):  14,785,633,237 bp (96.8%)

=== Adapter 1 ===

Sequence: AGATCGGAAGAGC; Type: regular 3'; Length: 13; Trimmed: 41188626 times

Minimum overlap: 1
No. of allowed errors:
1-9 bp: 0; 10-13 bp: 1

Bases preceding removed adapters:
  A: 26.2%
  C: 27.7%
  G: 10.7%
  T: 34.7%
  none/other: 0.7%

Overview of removed sequences
length	count	expect	max.err	error counts
1	20404023	25445326.0	0	20404023
2	6401578	6361331.5	0	6401578
3	1951589	1590332.9	0	1951589
4	753967	397583.2	0	753967
5	554600	99395.8	0	554600
6	449303	24849.0	0	449303
7	578799	6212.2	0	578799
8	452509	1553.1	0	452509
9	390243	388.3	0	388444 1799
10	700800	97.1	1	616270 84530
11	249098	24.3	1	130688 118410
12	196244	6.1	1	154530 41714
13	634050	1.5	1	517707 116343
14	212232	1.5	1	163561 48671
15	558144	1.5	1	453235 104909
16	190663	1.5	1	147232 43431
17	478293	1.5	1	382946 95347
18	486853	1.5	1	399968 86885
19	147952	1.5	1	113604 34348
20	450690	1.5	1	378454 72236
21	168341	1.5	1	131879 36462
22	491056	1.5	1	414946 76110
23	176413	1.5	1	140539 35874
24	93991	1.5	1	70675 23316
25	413568	1.5	1	346855 66713
26	34233	1.5	1	24229 10004
27	243136	1.5	1	197888 45248
28	349708	1.5	1	288987 60721
29	111791	1.5	1	87912 23879
30	261282	1.5	1	220776 40506
31	52986	1.5	1	40286 12700
32	223622	1.5	1	185835 37787
33	104407	1.5	1	85714 18693
34	158583	1.5	1	129116 29467
35	248748	1.5	1	205716 43032
36	108435	1.5	1	88377 20058
37	173803	1.5	1	148061 25742
38	71257	1.5	1	57926 13331
39	36829	1.5	1	28082 8747
40	224369	1.5	1	195408 28961
41	63384	1.5	1	53001 10383
42	61522	1.5	1	51711 9811
43	22482	1.5	1	18980 3502
44	50168	1.5	1	42899 7269
45	38509	1.5	1	33214 5295
46	59303	1.5	1	51187 8116
47	38672	1.5	1	32846 5826
48	15607	1.5	1	12971 2636
49	12037	1.5	1	9379 2658
50	49448	1.5	1	42865 6583
51	20075	1.5	1	17049 3026
52	38558	1.5	1	33698 4860
53	24343	1.5	1	21074 3269
54	26251	1.5	1	22713 3538
55	15141	1.5	1	13403 1738
56	10875	1.5	1	9257 1618
57	10872	1.5	1	9193 1679
58	4989	1.5	1	4189 800
59	7991	1.5	1	6753 1238
60	19829	1.5	1	17421 2408
61	5797	1.5	1	5014 783
62	6640	1.5	1	5664 976
63	4664	1.5	1	3736 928
64	15054	1.5	1	13185 1869
65	2273	1.5	1	1763 510
66	5611	1.5	1	4734 877
67	6263	1.5	1	5308 955
68	6107	1.5	1	5173 934
69	5922	1.5	1	4941 981
70	5640	1.5	1	4769 871
71	5007	1.5	1	4241 766
72	4316	1.5	1	3562 754
73	2528	1.5	1	2018 510
74	901	1.5	1	602 299
75	1136	1.5	1	898 238
76	2469	1.5	1	2087 382
77	2754	1.5	1	2297 457
78	2779	1.5	1	2341 438
79	2667	1.5	1	2206 461
80	2629	1.5	1	2139 490
81	2364	1.5	1	1964 400
82	2305	1.5	1	1894 411
83	2125	1.5	1	1716 409
84	2054	1.5	1	1692 362
85	1983	1.5	1	1583 400
86	1880	1.5	1	1520 360
87	1834	1.5	1	1454 380
88	1723	1.5	1	1350 373
89	1600	1.5	1	1254 346
90	1533	1.5	1	1230 303
91	1417	1.5	1	1120 297
92	1430	1.5	1	1159 271
93	1342	1.5	1	1101 241
94	1286	1.5	1	1033 253
95	1229	1.5	1	989 240
96	1220	1.5	1	978 242
97	1146	1.5	1	868 278
98	1142	1.5	1	921 221
99	1086	1.5	1	871 215
100	1119	1.5	1	886 233
101	1100	1.5	1	877 223
102	1179	1.5	1	946 233
103	1189	1.5	1	903 286
104	1379	1.5	1	1039 340
105	1197	1.5	1	910 287
106	1246	1.5	1	926 320
107	1090	1.5	1	854 236
108	1090	1.5	1	846 244
109	1215	1.5	1	936 279
110	1533	1.5	1	1095 438
111	2085	1.5	1	1349 736
112	3006	1.5	1	1925 1081
113	4155	1.5	1	2701 1454
114	4664	1.5	1	3250 1414
115	5384	1.5	1	3868 1516
116	5659	1.5	1	4348 1311
117	6925	1.5	1	5539 1386
118	8632	1.5	1	7111 1521
119	8936	1.5	1	7378 1558
120	8899	1.5	1	7419 1480
121	8268	1.5	1	6908 1360
122	8211	1.5	1	6870 1341
123	9656	1.5	1	8181 1475
124	11108	1.5	1	9556 1552
125	9899	1.5	1	8746 1153
126	8959	1.5	1	7966 993
127	5987	1.5	1	5300 687
128	4836	1.5	1	4327 509
129	5788	1.5	1	5279 509
130	5347	1.5	1	4857 490
131	4468	1.5	1	4053 415
132	3628	1.5	1	3332 296
133	2560	1.5	1	2323 237
134	1629	1.5	1	1484 145
135	1716	1.5	1	1534 182
136	2184	1.5	1	1971 213
137	2137	1.5	1	1894 243
138	2695	1.5	1	2441 254
139	2831	1.5	1	2516 315
140	3022	1.5	1	2717 305
141	3222	1.5	1	2876 346
142	4086	1.5	1	3633 453
143	6594	1.5	1	5957 637
144	7168	1.5	1	6485 683
145	6370	1.5	1	5717 653
146	7233	1.5	1	6420 813
147	14238	1.5	1	12599 1639
148	28957	1.5	1	24965 3992
149	94088	1.5	1	82880 11208
150	139959	1.5	1	119901 20058

RUN STATISTICS FOR INPUT FILE: /mnt/d/methylation/data/sequence/SRR7368845.fastq.gz
=============================================
101781304 sequences processed in total
Sequences removed because they became shorter than the length cutoff of 20 bp:	349269 (0.3%)
